4.39445e-01
5.14555e-01
5.44256e-01
5.53340e-01
5.55655e-01
5.65829e-01
5.67857e-01
5.68665e-01
5.64888e-01
5.65386e-01
5.62046e-01
5.63503e-01
5.64350e-01
5.61030e-01
5.62298e-01
5.59539e-01
5.58436e-01
5.60634e-01
5.64232e-01
5.60043e-01
5.59431e-01
5.61582e-01
5.60425e-01
5.64962e-01
5.65791e-01
5.64188e-01
5.66549e-01
5.60077e-01
5.60577e-01
5.57963e-01
5.53115e-01
5.47911e-01
5.47611e-01
5.43028e-01
5.40620e-01
5.40803e-01
5.40457e-01
5.40732e-01
5.40321e-01
5.40344e-01
5.37150e-01
5.34715e-01
5.34872e-01
5.33637e-01
5.34319e-01
5.31627e-01
5.31813e-01
5.30239e-01
5.27050e-01
5.23570e-01
5.21254e-01
5.21656e-01
5.20356e-01
5.19192e-01
5.22867e-01
5.20138e-01
5.20268e-01
5.20067e-01
5.17819e-01
5.17269e-01
5.16176e-01
5.13399e-01
5.14899e-01
5.12024e-01
5.09130e-01
5.09061e-01
5.07998e-01
5.08100e-01
5.07228e-01
5.05196e-01
5.03500e-01
5.00303e-01
5.00527e-01
5.01924e-01
4.98536e-01
4.98940e-01
4.97461e-01
4.97303e-01
4.98374e-01
4.96047e-01
4.97200e-01
4.96528e-01
4.95883e-01
4.94634e-01
4.94951e-01
4.94408e-01
4.96187e-01
4.95085e-01
4.94795e-01
4.92058e-01
4.89347e-01
4.91338e-01
4.90983e-01
4.93186e-01
4.91716e-01
4.94628e-01
4.93902e-01
4.93238e-01
4.94698e-01
4.93508e-01
4.94239e-01
4.93963e-01
4.93616e-01
4.92512e-01
4.93195e-01
4.94451e-01
4.94305e-01
4.92395e-01
4.91728e-01
4.92810e-01
4.93122e-01
4.92145e-01
4.90947e-01
4.92813e-01
4.92851e-01
4.90879e-01
4.89381e-01
4.87025e-01
4.86055e-01
4.87353e-01
4.88229e-01
4.88369e-01
4.89174e-01
4.88348e-01
4.89243e-01
4.87944e-01
4.85077e-01
4.84382e-01
4.84669e-01
4.86885e-01
4.86854e-01
4.87503e-01
4.88810e-01
4.88041e-01
4.88323e-01
4.91080e-01
4.92368e-01
4.92768e-01
4.92029e-01
4.94241e-01
4.95206e-01
4.95074e-01
4.97220e-01
4.95742e-01
4.96047e-01
4.98020e-01
4.97133e-01
4.99938e-01
5.02484e-01
5.02457e-01
5.02953e-01
5.05448e-01
5.04210e-01
5.04018e-01
5.05161e-01
5.05032e-01
5.06075e-01
5.05891e-01
5.06348e-01
5.05105e-01
5.06901e-01
5.05565e-01
5.08152e-01
5.07291e-01
5.05604e-01
5.05514e-01
5.05190e-01
5.03732e-01
5.04795e-01
5.02666e-01
5.01965e-01
5.01489e-01
5.01190e-01
4.98375e-01
5.00103e-01
5.00070e-01
4.96407e-01
4.95408e-01
4.96755e-01
4.98460e-01
5.00037e-01
4.98699e-01
4.98598e-01
4.98485e-01
4.98316e-01
4.99408e-01
5.00190e-01
4.98627e-01
4.99406e-01
4.99140e-01
5.01711e-01
5.03407e-01
5.05773e-01
5.03912e-01
5.02908e-01
5.03794e-01
5.05163e-01
5.03531e-01
5.01083e-01
4.98372e-01
4.97991e-01
4.96364e-01
4.98281e-01
4.98687e-01
4.99059e-01
5.01307e-01
4.98702e-01
4.96828e-01
4.96528e-01
4.96334e-01
4.95322e-01
4.95287e-01
4.93019e-01
4.91022e-01
4.89707e-01
4.90633e-01
4.91469e-01
4.92632e-01
4.93994e-01
4.95290e-01
4.96406e-01
4.95734e-01
4.94233e-01
4.96247e-01
4.96424e-01
4.94214e-01
4.94939e-01
4.95077e-01
4.97702e-01
4.97017e-01
4.97707e-01
4.96449e-01
4.97951e-01
4.98907e-01
4.98145e-01
4.96622e-01
4.98052e-01
4.98567e-01
5.00929e-01
4.99516e-01
5.00677e-01
4.98998e-01
4.98170e-01
4.97547e-01
4.97653e-01
4.96035e-01
4.97446e-01
4.95053e-01
4.95766e-01
4.95096e-01
4.95098e-01
4.95512e-01
4.94221e-01
4.92732e-01
4.94702e-01
4.92852e-01
4.90462e-01
4.90681e-01
4.89154e-01
4.90610e-01
4.89731e-01
4.89054e-01
4.88886e-01
4.86336e-01
4.85701e-01
4.84146e-01
4.84026e-01
4.83523e-01
4.83634e-01
4.83301e-01
4.85306e-01
4.86619e-01
4.88952e-01
4.89470e-01
4.90238e-01
4.89687e-01
4.89016e-01
4.90047e-01
4.90827e-01
4.90518e-01
4.91407e-01
4.88505e-01
4.87528e-01
4.88105e-01
4.90619e-01
4.91906e-01
4.91743e-01
4.90011e-01
4.89273e-01
4.90627e-01
4.91848e-01
4.90716e-01
4.88695e-01
4.89071e-01
4.88606e-01
4.87748e-01
4.85147e-01
4.84134e-01
4.84060e-01
4.85666e-01
4.86550e-01
4.90312e-01
4.89907e-01
4.90075e-01
4.90638e-01
4.91005e-01
4.90521e-01
4.91872e-01
4.91103e-01
4.93134e-01
4.93846e-01
4.95212e-01
4.95208e-01
4.95387e-01
4.92279e-01
4.94050e-01
4.95854e-01
4.94184e-01
4.94185e-01
4.93515e-01
4.93569e-01
4.91270e-01
4.91086e-01
4.92453e-01
4.94887e-01
4.92349e-01
4.91442e-01
4.87685e-01
4.87410e-01
4.87562e-01
4.87915e-01
4.88433e-01
4.89536e-01
4.88395e-01
4.86445e-01
4.87814e-01
4.89126e-01
4.90099e-01
4.90498e-01
4.92398e-01
4.92459e-01
4.91839e-01
4.92969e-01
4.93858e-01
4.93873e-01
4.94290e-01
4.95151e-01
4.94708e-01
4.95083e-01
4.96043e-01
4.94258e-01
4.93956e-01
4.93661e-01
4.92234e-01
4.91050e-01
4.93053e-01
4.93525e-01
4.94042e-01
4.93546e-01
4.93363e-01
4.91750e-01
4.92284e-01
4.91163e-01
4.91154e-01
4.90062e-01
4.90851e-01
4.91555e-01
4.94842e-01
4.93353e-01
4.89743e-01
4.86986e-01
4.86155e-01
4.85190e-01
4.83425e-01
4.85034e-01
4.83664e-01
4.85694e-01
4.85773e-01
4.87806e-01
4.88520e-01
4.86913e-01
4.85741e-01
4.84382e-01
4.85273e-01
4.87682e-01
4.87069e-01
4.87955e-01
4.87941e-01
4.90019e-01
4.89001e-01
4.88589e-01
4.86736e-01
4.87013e-01
4.87500e-01
4.87093e-01
4.89204e-01
4.88402e-01
4.89661e-01
4.89555e-01
4.90177e-01
4.89610e-01
4.93269e-01
4.91026e-01
4.89869e-01
4.88010e-01
4.85868e-01
4.86374e-01
4.86917e-01
4.87140e-01
4.87460e-01
4.88833e-01
4.90888e-01
4.93002e-01
4.93710e-01
4.89618e-01
4.88451e-01
4.88201e-01
4.85473e-01
4.84490e-01
4.84449e-01
4.85101e-01
4.84424e-01
4.84375e-01
4.83298e-01
4.84826e-01
4.85928e-01
4.84967e-01
4.85987e-01
4.86703e-01
4.88180e-01
4.87528e-01
4.87845e-01
4.86464e-01
4.83899e-01
4.84098e-01
4.82549e-01
4.81846e-01
4.79422e-01
4.79502e-01
4.78849e-01
4.79584e-01
4.80773e-01
4.84146e-01
4.83890e-01
4.85404e-01
4.86586e-01
4.85252e-01
4.85090e-01
4.85261e-01
4.84805e-01
4.83197e-01
4.82673e-01
4.82304e-01
4.83679e-01
4.83495e-01
4.85056e-01
4.83441e-01
4.82615e-01
4.80029e-01
4.81926e-01
4.84153e-01
4.83221e-01
4.86611e-01
4.87145e-01
4.89120e-01
4.89224e-01
4.89537e-01
4.89549e-01
4.90079e-01
4.90619e-01
4.91929e-01
4.94049e-01
4.96290e-01
4.97440e-01
4.96766e-01
4.97976e-01
5.00009e-01
4.99922e-01
4.97894e-01
4.99252e-01
5.00245e-01
5.01148e-01
5.00630e-01
5.00813e-01
4.99321e-01
5.02088e-01
5.01484e-01
4.96554e-01
4.95325e-01
4.95030e-01
4.95967e-01
4.93217e-01
4.95381e-01
4.95604e-01
4.95234e-01
4.97092e-01
4.95966e-01
4.96171e-01
4.94105e-01
4.94514e-01
4.94751e-01
4.95172e-01
4.96630e-01
4.98208e-01
4.99207e-01
4.97942e-01
4.97915e-01
4.99394e-01
5.01554e-01
5.02753e-01
5.03940e-01
5.02710e-01
5.02472e-01
5.01740e-01
5.00755e-01
5.02253e-01
5.01210e-01
5.00111e-01
4.99329e-01
4.96701e-01
4.97872e-01
4.95697e-01
4.96657e-01
4.96687e-01
4.94999e-01
4.94916e-01
4.97739e-01
4.96669e-01
4.96149e-01
4.95767e-01
4.96761e-01
4.94806e-01
4.94359e-01
4.96186e-01
4.95549e-01
4.94886e-01
4.93356e-01
4.90851e-01
4.87262e-01
4.86579e-01
4.85554e-01
4.87273e-01
4.85644e-01
4.85948e-01
4.82814e-01
4.83209e-01
4.83630e-01
4.82433e-01
4.83309e-01
4.84531e-01
4.82312e-01
4.84583e-01
4.85255e-01
4.83609e-01
4.81123e-01
4.81844e-01
4.82652e-01
4.83712e-01
4.85615e-01
4.84323e-01
4.84060e-01
4.85773e-01
4.84270e-01
4.84438e-01
4.82840e-01
4.87444e-01
4.89271e-01
4.91728e-01
4.90231e-01
4.88284e-01
4.88095e-01
4.86534e-01
4.87807e-01
4.88069e-01
4.87249e-01
4.86403e-01
4.85837e-01
4.82906e-01
4.81980e-01
4.80528e-01
4.78507e-01
4.77645e-01
4.78531e-01
4.80902e-01
4.81671e-01
4.81490e-01
4.83055e-01
4.82040e-01
4.83139e-01
4.82006e-01
4.83233e-01
4.83885e-01
4.84393e-01
4.86673e-01
4.86034e-01
4.85760e-01
4.86579e-01
4.88921e-01
4.89161e-01
4.87624e-01
4.86965e-01
4.85342e-01
4.88479e-01
4.86743e-01
4.89038e-01
4.88881e-01
4.90036e-01
4.91378e-01
4.91492e-01
4.92578e-01
4.90293e-01
4.90081e-01
4.90259e-01
4.91115e-01
4.92034e-01
4.92140e-01
4.91201e-01
4.89388e-01
4.90037e-01
4.90867e-01
4.91137e-01
4.90585e-01
4.90864e-01
4.90258e-01
4.88862e-01
4.87640e-01
4.88909e-01
4.89479e-01
4.90392e-01
4.90263e-01
4.87632e-01
4.84772e-01
4.82859e-01
4.84975e-01
4.84441e-01
4.84537e-01
4.84747e-01
4.83866e-01
4.85091e-01
4.84027e-01
4.85582e-01
4.87302e-01
4.90189e-01
4.92082e-01
4.93428e-01
4.93553e-01
4.94059e-01
4.92911e-01
4.91988e-01
4.92359e-01
4.91418e-01
4.91782e-01
4.91022e-01
4.91430e-01
4.93710e-01
4.94294e-01
4.96856e-01
4.97354e-01
4.97361e-01
4.96960e-01
4.98563e-01
4.97732e-01
4.97484e-01
4.97092e-01
4.97225e-01
4.96050e-01
4.96822e-01
5.00159e-01
4.99165e-01
4.97863e-01
4.97458e-01
4.93452e-01
4.94281e-01
4.94658e-01
4.93290e-01
4.92889e-01
4.91781e-01
4.90838e-01
4.88975e-01
4.92010e-01
4.91163e-01
4.88572e-01
4.88548e-01
4.87011e-01
4.85064e-01
4.86048e-01
4.86008e-01
4.86797e-01
4.86070e-01
4.88217e-01
4.88185e-01
4.88551e-01
4.85596e-01
4.84792e-01
4.83551e-01
4.83930e-01
4.83899e-01
4.85656e-01
4.83578e-01
4.82513e-01
4.83511e-01
4.81809e-01
4.82115e-01
4.83730e-01
4.82271e-01
4.82846e-01
4.81128e-01
4.81944e-01
4.81165e-01
4.81898e-01
4.80971e-01
4.79994e-01
4.79238e-01
4.80999e-01
4.81604e-01
4.80402e-01
4.79595e-01
4.81237e-01
4.82601e-01
4.81723e-01
4.81528e-01
4.81788e-01
4.82009e-01
4.83269e-01
4.82740e-01
4.83947e-01
4.83741e-01
4.85334e-01
4.84845e-01
4.83786e-01
4.82806e-01
4.82512e-01
4.82588e-01
4.82373e-01
4.79885e-01
4.79991e-01
4.78763e-01
4.80397e-01
4.79373e-01
4.79211e-01
4.78906e-01
4.77504e-01
4.78393e-01
4.77645e-01
4.80223e-01
4.75765e-01
4.77287e-01
4.77000e-01
4.77960e-01
4.76092e-01
4.74256e-01
4.75359e-01
4.78720e-01
4.80489e-01
4.78019e-01
4.78807e-01
4.79529e-01
4.79106e-01
4.80192e-01
4.80140e-01
4.81568e-01
4.83595e-01
4.83164e-01
4.81316e-01
4.80618e-01
4.83937e-01
4.82574e-01
4.83735e-01
4.84752e-01
4.83194e-01
4.82880e-01
4.81446e-01
4.77821e-01
4.77545e-01
4.77278e-01
4.76764e-01
4.76986e-01
4.80383e-01
4.80273e-01
4.79172e-01
4.78477e-01
4.80210e-01
4.81882e-01
4.80782e-01
4.82936e-01
4.84122e-01
4.86452e-01
4.86832e-01
4.89301e-01
4.88236e-01
4.89160e-01
4.86785e-01
4.83014e-01
4.82166e-01
4.84697e-01
4.84669e-01
4.82976e-01
4.84252e-01
4.86029e-01
4.85190e-01
4.87271e-01
4.88363e-01
4.87356e-01
4.83874e-01
4.86104e-01
4.84055e-01
4.85599e-01
4.84299e-01
4.86502e-01
4.88654e-01
4.89326e-01
4.90133e-01
4.92287e-01
4.92397e-01
4.92726e-01
4.94110e-01
4.97120e-01
4.99843e-01
5.01487e-01
5.00709e-01
5.00317e-01
5.01079e-01
5.02632e-01
5.02266e-01
5.02947e-01
5.01705e-01
5.02386e-01
4.99207e-01
4.95691e-01
4.93623e-01
4.93621e-01
4.94375e-01
4.93802e-01
4.92544e-01
4.95410e-01
4.95885e-01
4.96746e-01
4.96902e-01
4.97438e-01
4.97712e-01
5.00461e-01
5.00784e-01
5.00041e-01
4.99932e-01
4.98340e-01
4.98446e-01
4.96508e-01
4.94782e-01
4.94023e-01
4.90135e-01
4.91852e-01
4.90647e-01
4.88085e-01
4.87349e-01
4.87321e-01
4.87528e-01
4.86683e-01
4.86899e-01
4.84685e-01
4.86363e-01
4.87304e-01
4.86996e-01
4.86964e-01
4.87507e-01
4.86639e-01
4.87375e-01
4.85925e-01
4.85184e-01
4.85351e-01
4.85822e-01
4.84557e-01
4.86404e-01
4.85457e-01
4.87114e-01
4.88004e-01
4.86482e-01
4.88680e-01
4.87662e-01
4.87125e-01
4.86141e-01
4.87668e-01
4.88815e-01
4.89041e-01
4.89442e-01
4.89989e-01
4.87459e-01
4.88765e-01
4.87161e-01
4.88855e-01
4.90503e-01
4.91392e-01
4.90974e-01
4.89786e-01
4.91164e-01
4.89739e-01
4.91864e-01
4.92512e-01
4.94952e-01
4.93352e-01
4.92418e-01
4.93191e-01
4.93163e-01
4.94779e-01
4.93712e-01
4.92168e-01
4.91373e-01
4.91201e-01
4.90931e-01
4.89811e-01
4.87532e-01
4.84895e-01
4.84968e-01
4.82806e-01
4.83040e-01
4.85707e-01
4.82541e-01
4.81820e-01
4.83786e-01
4.83699e-01
4.83676e-01
4.81410e-01
4.82072e-01
4.79589e-01
4.78904e-01
4.81110e-01
4.82034e-01
4.82267e-01
4.82806e-01
4.82551e-01
4.78781e-01
4.77608e-01
4.76994e-01
4.76077e-01
4.76002e-01
4.75801e-01
4.76045e-01
4.75879e-01
4.77351e-01
4.79653e-01
4.80264e-01
4.79598e-01
4.79126e-01
4.76837e-01
4.79093e-01
4.78693e-01
4.77162e-01
4.78883e-01
4.77599e-01
4.78254e-01
4.77611e-01
4.78119e-01
4.74543e-01
4.74021e-01
4.74561e-01
4.74253e-01
4.77080e-01
4.80479e-01
4.83297e-01
4.84851e-01
4.84377e-01
4.85967e-01
4.87355e-01
4.87554e-01
4.88689e-01
4.88832e-01
4.89224e-01
4.90633e-01
4.91057e-01
4.92182e-01
4.92658e-01
4.91622e-01
4.90050e-01
4.89908e-01
4.89258e-01
4.88892e-01
4.88410e-01
4.90069e-01
4.90176e-01
4.87860e-01
4.86426e-01
4.85182e-01
4.86332e-01
4.85848e-01
4.82983e-01
4.80486e-01
4.79925e-01
4.80595e-01
4.82374e-01
4.82842e-01
4.84310e-01
4.84947e-01
4.83332e-01
4.85734e-01
4.87269e-01
4.86746e-01
4.88280e-01
4.86463e-01
4.85445e-01
4.83881e-01
4.82241e-01
