### CSSLEARN ###
/home/broom/yamaguchi/Dropbox/program/cssampling/csslearn
        -o ./train/smoking.prb
        -l ./train/smoking.sli
        -s 100
        -S 1326781357
        -w 100000
        -p 0.5
        -r 0.5
        -t 0.1
        -m
        
        -I 0.01
        -u 500;
## CSSLEARN ##
Random::constructorinsatproblem::1326781357
inrandom::1326781357
walkmax = 100000
numSample = 1000
walksatProb = 0.5
randomWalkProb = 0.5
temperature = 0.1
seed = 1326781357
ita = 0.01
maxiter = 500
numsample = 100
burnsteps = 50
cdmode = true
CSSAMP:: initial settings took 0.02 secs
SS::LEARN
datasize=1000
count models:1000
ita=0.010000,max_iteration=500
CDlearn
3.96263e+02
3.90498e+02
3.85707e+02
3.82726e+02
3.79533e+02
3.77674e+02
3.75326e+02
3.74066e+02
3.72141e+02
3.71309e+02
3.69712e+02
3.69156e+02
3.67819e+02
3.67464e+02
3.66275e+02
3.66071e+02
3.65020e+02
3.64931e+02
3.63997e+02
3.64000e+02
3.63154e+02
3.63244e+02
3.62447e+02
3.62595e+02
3.61848e+02
3.62058e+02
3.61365e+02
3.61607e+02
3.60944e+02
3.61224e+02
3.60594e+02
3.60904e+02
3.60302e+02
3.60631e+02
3.60046e+02
3.60401e+02
3.59840e+02
3.60208e+02
3.59658e+02
3.60038e+02
3.59507e+02
3.59902e+02
3.59379e+02
3.59786e+02
3.59270e+02
3.59681e+02
3.59173e+02
3.59592e+02
3.59093e+02
3.59519e+02
3.59025e+02
3.59458e+02
3.58971e+02
3.59411e+02
3.58925e+02
3.59365e+02
3.58887e+02
3.59330e+02
3.58851e+02
3.59297e+02
3.58823e+02
3.59268e+02
3.58795e+02
3.59246e+02
3.58777e+02
3.59230e+02
3.58759e+02
3.59215e+02
3.58746e+02
3.59201e+02
3.58733e+02
3.59189e+02
3.58722e+02
3.59178e+02
3.58712e+02
3.59170e+02
3.58704e+02
3.59162e+02
3.58698e+02
3.59157e+02
3.58693e+02
3.59152e+02
3.58688e+02
3.59148e+02
3.58683e+02
3.59142e+02
3.58679e+02
3.59139e+02
3.58675e+02
3.59136e+02
3.58674e+02
3.59133e+02
3.58670e+02
3.59131e+02
3.58667e+02
3.59128e+02
3.58665e+02
3.59127e+02
3.58665e+02
3.59126e+02
3.58664e+02
3.59125e+02
3.58663e+02
3.59124e+02
3.58662e+02
3.59124e+02
3.58661e+02
3.59122e+02
3.58659e+02
3.59121e+02
3.58659e+02
3.59120e+02
3.58658e+02
3.59119e+02
3.58658e+02
3.59119e+02
3.58657e+02
3.59119e+02
3.58657e+02
3.59120e+02
3.58659e+02
3.59122e+02
3.58660e+02
3.59121e+02
3.58659e+02
3.59122e+02
3.58660e+02
3.59121e+02
3.58659e+02
3.59120e+02
3.58659e+02
3.59120e+02
3.58658e+02
3.59119e+02
3.58658e+02
3.59120e+02
3.58658e+02
3.59120e+02
3.58658e+02
3.59119e+02
3.58658e+02
3.59120e+02
3.58657e+02
3.59119e+02
3.58656e+02
3.59119e+02
3.58657e+02
3.59118e+02
3.58654e+02
3.59116e+02
3.58654e+02
3.59115e+02
3.58654e+02
3.59117e+02
3.58656e+02
3.59117e+02
3.58655e+02
3.59117e+02
3.58655e+02
3.59117e+02
3.58656e+02
3.59117e+02
3.58656e+02
3.59118e+02
3.58656e+02
3.59118e+02
3.58656e+02
3.59119e+02
3.58658e+02
3.59120e+02
3.58661e+02
3.59122e+02
3.58660e+02
3.59122e+02
3.58662e+02
3.59123e+02
3.58661e+02
3.59122e+02
3.58660e+02
3.59123e+02
3.58659e+02
3.59121e+02
3.58659e+02
3.59122e+02
3.58660e+02
3.59122e+02
3.58660e+02
3.59122e+02
3.58660e+02
3.59121e+02
3.58659e+02
3.59120e+02
3.58657e+02
3.59119e+02
3.58657e+02
3.59118e+02
3.58655e+02
3.59117e+02
3.58655e+02
3.59118e+02
3.58656e+02
3.59119e+02
3.58656e+02
3.59118e+02
3.58655e+02
3.59117e+02
3.58655e+02
3.59116e+02
3.58654e+02
3.59116e+02
3.58655e+02
3.59117e+02
3.58655e+02
3.59118e+02
3.58656e+02
3.59119e+02
3.58657e+02
3.59121e+02
3.58659e+02
3.59120e+02
3.58658e+02
3.59118e+02
3.58655e+02
3.59117e+02
3.58656e+02
3.59118e+02
3.58656e+02
3.59118e+02
3.58656e+02
3.59121e+02
3.58658e+02
3.59120e+02
3.58658e+02
3.59121e+02
3.58659e+02
3.59121e+02
3.58660e+02
3.59121e+02
3.58660e+02
3.59121e+02
3.58659e+02
3.59120e+02
3.58658e+02
3.59120e+02
3.58658e+02
3.59119e+02
3.58657e+02
3.59119e+02
3.58657e+02
3.59121e+02
3.58659e+02
3.59121e+02
3.58660e+02
3.59122e+02
3.58660e+02
3.59122e+02
3.58659e+02
3.59122e+02
3.58660e+02
3.59121e+02
3.58660e+02
3.59121e+02
3.58660e+02
3.59121e+02
3.58660e+02
3.59122e+02
3.58659e+02
3.59121e+02
3.58660e+02
3.59121e+02
3.58659e+02
3.59120e+02
3.58659e+02
3.59119e+02
3.58657e+02
3.59118e+02
3.58656e+02
3.59118e+02
3.58656e+02
3.59117e+02
3.58655e+02
3.59117e+02
3.58655e+02
3.59117e+02
3.58657e+02
3.59118e+02
3.58656e+02
3.59117e+02
3.58656e+02
3.59118e+02
3.58656e+02
3.59118e+02
3.58656e+02
3.59118e+02
3.58656e+02
3.59118e+02
3.58656e+02
3.59117e+02
3.58656e+02
3.59118e+02
3.58657e+02
3.59119e+02
3.58657e+02
3.59118e+02
3.58657e+02
3.59118e+02
3.58656e+02
3.59118e+02
3.58656e+02
3.59119e+02
3.58656e+02
3.59118e+02
3.58656e+02
3.59117e+02
3.58656e+02
3.59117e+02
3.58655e+02
3.59117e+02
3.58655e+02
3.59117e+02
3.58656e+02
3.59118e+02
3.58657e+02
3.59119e+02
3.58657e+02
3.59118e+02
3.58656e+02
3.59118e+02
3.58656e+02
3.59119e+02
3.58657e+02
3.59119e+02
3.58657e+02
3.59119e+02
3.58658e+02
3.59120e+02
3.58658e+02
3.59120e+02
3.58658e+02
3.59120e+02
3.58659e+02
3.59120e+02
3.58658e+02
3.59120e+02
3.58658e+02
3.59120e+02
3.58657e+02
3.59118e+02
3.58656e+02
3.59118e+02
3.58655e+02
3.59117e+02
3.58655e+02
3.59118e+02
3.58655e+02
3.59118e+02
3.58656e+02
3.59118e+02
3.58656e+02
3.59118e+02
3.58655e+02
3.59118e+02
3.58656e+02
3.59117e+02
3.58656e+02
3.59117e+02
3.58655e+02
3.59117e+02
3.58655e+02
3.59117e+02
3.58655e+02
3.59116e+02
3.58654e+02
3.59115e+02
3.58654e+02
3.59116e+02
3.58654e+02
3.59116e+02
3.58655e+02
3.59118e+02
3.58657e+02
3.59119e+02
3.58658e+02
3.59119e+02
3.58657e+02
3.59118e+02
3.58656e+02
3.59118e+02
3.58655e+02
3.59119e+02
3.58657e+02
3.59119e+02
3.58658e+02
3.59120e+02
3.58658e+02
3.59120e+02
3.58658e+02
3.59120e+02
3.58659e+02
3.59120e+02
3.58659e+02
3.59121e+02
3.58658e+02
3.59120e+02
3.58658e+02
3.59119e+02
3.58656e+02
3.59119e+02
3.58658e+02
3.59120e+02
3.58658e+02
3.59119e+02
3.58658e+02
3.59120e+02
3.58659e+02
3.59121e+02
3.58660e+02
3.59122e+02
3.58660e+02
3.59121e+02
3.58660e+02
3.59123e+02
3.58660e+02
3.59122e+02
3.58660e+02
3.59121e+02
3.58659e+02
3.59122e+02
3.58660e+02
3.59122e+02
3.58662e+02
3.59123e+02
3.58660e+02
3.59125e+02
3.58663e+02
3.59124e+02
3.58661e+02
3.59122e+02
3.58661e+02
3.59122e+02
3.58661e+02
3.59122e+02
3.58660e+02
3.59121e+02
3.58658e+02
3.59119e+02
3.58657e+02
3.59118e+02
3.58659e+02
3.59122e+02
3.58660e+02
3.59122e+02
3.58660e+02
3.59121e+02
3.58659e+02
3.59120e+02
3.58658e+02
3.59120e+02
3.58658e+02
3.59120e+02
3.58658e+02
3.59120e+02
3.58657e+02
3.59122e+02
3.58661e+02
3.59123e+02
3.58661e+02
3.59122e+02
3.58660e+02
3.59121e+02
3.58659e+02
3.59121e+02
3.58658e+02
3.59121e+02
3.58659e+02
3.59121e+02
3.58659e+02
3.59122e+02
3.58659e+02
3.59122e+02
3.58660e+02
3.59123e+02
3.58660e+02
3.59123e+02
3.58659e+02
3.59122e+02
3.58661e+02
3.59125e+02
3.58662e+02
3.59124e+02
3.58662e+02
3.59124e+02
3.58663e+02
3.59124e+02
3.58661e+02
3.59123e+02
3.58662e+02
3.59122e+02
3.58660e+02
3.59122e+02
CD:: Calcuration of SD took 4 mins, 25.34 secs
CD:: Calcuration of DD took 7.16 secs
SS:: parameter learning by CD took 4 mins, 46.86 secs
CSSLEARN:: total parameter learning function took 4 mins, 46.96 secs
SampleSAT time is 0 secs
init param time is 0 secs
unit time is 0 secs
total Slice time is 0 secs
average fixed atom is 0
average fixed clause is 0
SampleSAT :: stepAverage = 36.5621
