### CSSLEARN ###
/home/broom/yamaguchi/Dropbox/program/cssampling/csslearn
        -o ./train/smoking.prb
        -l ./train/smoking.sli
        -s 1000
        -S 1326784271
        -w 100000
        -p 0.5
        -r 0.5
        -t 0.1
        -m
        
        -I 0.01
        -u 300;
## CSSLEARN ##
Random::constructorinsatproblem::1326784271
inrandom::1326784271
walkmax = 100000
numSample = 1000
walksatProb = 0.5
randomWalkProb = 0.5
temperature = 0.1
seed = 1326784271
ita = 0.01
maxiter = 300
numsample = 1000
burnsteps = 500
cdmode = true
CSSAMP:: initial settings took 0.02 secs
SS::LEARN
datasize=1000
count models:1000
ita=0.010000,max_iteration=300
CDlearn
3.96266e+02
3.90529e+02
3.85711e+02
3.82723e+02
3.79524e+02
3.77658e+02
3.75248e+02
3.74005e+02
3.72093e+02
3.71252e+02
3.69691e+02
3.69128e+02
3.67772e+02
3.67410e+02
3.66228e+02
3.66036e+02
3.64989e+02
3.64903e+02
3.63954e+02
3.63966e+02
3.63106e+02
3.63194e+02
3.62402e+02
3.62552e+02
3.61814e+02
3.62015e+02
3.61322e+02
3.61565e+02
3.60908e+02
3.61186e+02
3.60560e+02
3.60866e+02
3.60266e+02
3.60600e+02
3.60022e+02
3.60373e+02
3.59812e+02
3.60181e+02
3.59636e+02
3.60017e+02
3.59485e+02
3.59880e+02
3.59358e+02
3.59764e+02
3.59252e+02
3.59666e+02
3.59162e+02
3.59583e+02
3.59084e+02
3.59512e+02
3.59020e+02
3.59452e+02
3.58964e+02
3.59401e+02
3.58917e+02
3.59358e+02
3.58877e+02
3.59321e+02
3.58843e+02
3.59290e+02
3.58815e+02
3.59264e+02
3.58790e+02
3.59241e+02
3.58770e+02
3.59223e+02
3.58753e+02
3.59207e+02
3.58738e+02
3.59193e+02
3.58725e+02
3.59182e+02
3.58715e+02
3.59172e+02
3.58705e+02
3.59163e+02
3.58698e+02
3.59156e+02
3.58691e+02
3.59150e+02
3.58686e+02
3.59145e+02
3.58681e+02
3.59141e+02
3.58677e+02
3.59137e+02
3.58673e+02
3.59134e+02
3.58670e+02
3.59131e+02
3.58668e+02
3.59129e+02
3.58666e+02
3.59127e+02
3.58664e+02
3.59125e+02
3.58662e+02
3.59123e+02
3.58661e+02
3.59122e+02
3.58660e+02
3.59121e+02
3.58659e+02
3.59121e+02
3.58658e+02
3.59120e+02
3.58658e+02
3.59119e+02
3.58657e+02
3.59119e+02
3.58656e+02
3.59118e+02
3.58656e+02
3.59118e+02
3.58656e+02
3.59117e+02
3.58655e+02
3.59117e+02
3.58655e+02
3.59117e+02
3.58655e+02
3.59117e+02
3.58655e+02
3.59117e+02
3.58655e+02
3.59116e+02
3.58654e+02
3.59116e+02
3.58654e+02
3.59116e+02
3.58654e+02
3.59116e+02
3.58654e+02
3.59116e+02
3.58654e+02
3.59116e+02
3.58654e+02
3.59116e+02
3.58654e+02
3.59115e+02
3.58653e+02
3.59115e+02
3.58653e+02
3.59115e+02
3.58653e+02
3.59115e+02
3.58653e+02
3.59115e+02
3.58653e+02
3.59115e+02
3.58653e+02
3.59115e+02
3.58653e+02
3.59115e+02
3.58653e+02
3.59115e+02
3.58653e+02
3.59115e+02
3.58653e+02
3.59115e+02
3.58653e+02
3.59115e+02
3.58653e+02
3.59115e+02
3.58653e+02
3.59115e+02
3.58653e+02
3.59114e+02
3.58653e+02
3.59114e+02
3.58653e+02
3.59114e+02
3.58653e+02
3.59114e+02
3.58653e+02
3.59114e+02
3.58653e+02
3.59115e+02
3.58653e+02
3.59114e+02
3.58653e+02
3.59114e+02
3.58653e+02
3.59115e+02
3.58653e+02
3.59115e+02
3.58653e+02
3.59115e+02
3.58653e+02
3.59115e+02
3.58653e+02
3.59115e+02
3.58653e+02
3.59115e+02
3.58653e+02
3.59115e+02
3.58653e+02
3.59115e+02
3.58653e+02
3.59115e+02
3.58653e+02
3.59115e+02
3.58653e+02
3.59115e+02
3.58653e+02
3.59115e+02
3.58653e+02
3.59115e+02
3.58653e+02
3.59115e+02
3.58653e+02
3.59115e+02
3.58653e+02
3.59115e+02
3.58653e+02
3.59115e+02
3.58653e+02
3.59115e+02
3.58653e+02
3.59115e+02
3.58653e+02
3.59115e+02
3.58653e+02
3.59115e+02
3.58653e+02
3.59115e+02
3.58653e+02
3.59115e+02
3.58653e+02
3.59115e+02
3.58653e+02
3.59115e+02
3.58653e+02
3.59115e+02
3.58653e+02
3.59114e+02
3.58653e+02
3.59115e+02
3.58653e+02
3.59115e+02
3.58653e+02
3.59115e+02
3.58653e+02
3.59115e+02
3.58653e+02
3.59115e+02
3.58653e+02
3.59115e+02
3.58653e+02
3.59115e+02
3.58653e+02
3.59114e+02
3.58653e+02
3.59114e+02
3.58653e+02
3.59115e+02
3.58653e+02
3.59115e+02
3.58653e+02
3.59115e+02
3.58653e+02
3.59115e+02
3.58653e+02
3.59115e+02
3.58653e+02
3.59115e+02
3.58653e+02
3.59115e+02
3.58653e+02
3.59115e+02
3.58653e+02
3.59115e+02
3.58653e+02
3.59115e+02
3.58653e+02
3.59115e+02
3.58653e+02
3.59115e+02
3.58653e+02
3.59115e+02
3.58653e+02
3.59115e+02
3.58653e+02
3.59115e+02
3.58653e+02
3.59115e+02
3.58653e+02
3.59115e+02
3.58653e+02
3.59115e+02
3.58653e+02
3.59115e+02
3.58653e+02
3.59115e+02
3.58653e+02
3.59114e+02
3.58653e+02
3.59115e+02
3.58653e+02
3.59115e+02
CD:: Calcuration of SD took 26 mins, 7.57 secs
CD:: Calcuration of DD took 3.97 secs
SS:: parameter learning by CD took 27 mins, 20.13 secs
CSSLEARN:: total parameter learning function took 27 mins, 20.23 secs
SampleSAT time is 0 secs
init param time is 0 secs
unit time is 0 secs
total Slice time is 0 secs
average fixed atom is 0
average fixed clause is 0
SampleSAT :: stepAverage = 36.5744
