### CSSLEARN ###
/home/broom/yamaguchi/Dropbox/program/cssampling/csslearn
        -o ./train/dice_b.prb
        -l ./train/dice_b.sli
        -s 100
        -S 1326781290
        -w 100000
        -p 0.5
        -r 0.5
        -t 0.1
        
        
        -I 0.01
        -u 500;
## CSSLEARN ##
Random::constructorinsatproblem::1326781290
inrandom::1326781290
walkmax = 100000
numSample = 1000
walksatProb = 0.5
randomWalkProb = 0.5
temperature = 0.1
seed = 1326781290
ita = 0.01
maxiter = 500
numsample = 100
burnsteps = 50
cdmode = true
CSSAMP:: initial settings took 0 secs
SL::LEARN
datasize=1000
count models:6
ita=0.010000,max_iteration=500
CDlearn
3.51661e-01
3.52260e-01
3.75009e-01
3.81046e-01
3.41527e-01
3.27879e-01
3.55126e-01
3.70830e-01
3.71198e-01
3.62838e-01
3.03597e-01
3.49372e-01
3.02214e-01
3.13346e-01
2.97403e-01
3.03755e-01
3.09102e-01
3.08947e-01
3.10007e-01
3.25999e-01
2.95377e-01
2.99903e-01
3.00833e-01
3.15687e-01
3.08880e-01
2.74308e-01
3.00325e-01
2.64202e-01
2.61561e-01
2.94767e-01
2.58551e-01
2.60246e-01
2.67287e-01
2.45716e-01
2.37528e-01
2.66202e-01
2.51593e-01
2.44812e-01
2.22800e-01
2.40228e-01
2.41881e-01
2.11655e-01
2.54400e-01
2.61407e-01
2.64904e-01
2.21029e-01
2.43179e-01
2.03497e-01
2.34466e-01
1.86208e-01
2.26490e-01
2.31543e-01
2.04940e-01
2.05892e-01
2.16819e-01
2.19638e-01
1.99284e-01
2.19626e-01
2.19874e-01
1.82076e-01
2.08211e-01
1.82774e-01
1.84506e-01
2.01883e-01
1.62223e-01
1.74381e-01
1.98050e-01
1.79079e-01
1.59626e-01
1.88676e-01
1.64617e-01
1.81674e-01
1.83760e-01
1.95464e-01
1.78783e-01
1.57764e-01
1.33331e-01
1.48781e-01
1.45913e-01
1.33002e-01
1.35416e-01
1.58998e-01
1.55384e-01
1.56167e-01
1.55159e-01
1.34711e-01
1.54491e-01
1.21677e-01
1.35434e-01
1.48026e-01
1.20974e-01
1.44023e-01
1.19543e-01
1.27012e-01
1.44450e-01
1.22510e-01
1.38480e-01
1.32392e-01
1.33024e-01
1.10580e-01
1.31789e-01
1.37552e-01
1.11476e-01
1.24602e-01
1.23038e-01
1.17840e-01
1.15839e-01
1.15618e-01
9.11344e-02
8.84105e-02
9.40952e-02
9.45770e-02
9.66060e-02
1.02418e-01
1.16944e-01
1.16623e-01
9.78064e-02
1.03100e-01
1.08907e-01
1.12738e-01
1.17101e-01
1.04362e-01
1.03454e-01
1.10995e-01
1.10758e-01
9.42982e-02
7.97708e-02
1.03241e-01
8.72440e-02
7.83732e-02
6.22552e-02
8.04469e-02
9.47843e-02
9.24374e-02
1.01779e-01
9.19276e-02
8.82896e-02
9.82538e-02
7.74545e-02
6.18530e-02
8.39792e-02
7.55567e-02
8.97255e-02
7.40690e-02
8.37397e-02
6.23120e-02
7.28102e-02
6.51643e-02
8.05408e-02
8.99028e-02
9.52512e-02
8.64529e-02
4.88276e-02
5.38027e-02
8.24381e-02
8.77900e-02
6.15990e-02
6.53903e-02
6.35996e-02
7.44241e-02
7.65214e-02
7.42304e-02
7.33065e-02
7.96660e-02
7.69564e-02
6.62155e-02
6.67142e-02
5.64872e-02
3.97226e-02
4.58459e-02
5.59162e-02
6.40468e-02
5.88950e-02
7.46943e-02
7.69072e-02
6.00622e-02
6.91363e-02
7.09358e-02
5.54224e-02
6.58183e-02
7.09431e-02
6.39660e-02
5.31708e-02
5.63893e-02
6.68672e-02
4.15316e-02
7.47594e-02
6.77393e-02
7.19029e-02
6.18025e-02
4.56249e-02
6.16906e-02
5.07762e-02
5.19177e-02
5.08906e-02
5.48851e-02
7.47630e-02
6.71377e-02
5.64997e-02
8.37472e-02
6.58440e-02
5.27176e-02
4.40287e-02
5.90475e-02
6.92927e-02
4.67830e-02
7.79470e-02
6.82939e-02
7.08655e-02
7.69540e-02
7.56509e-02
4.90523e-02
6.17050e-02
5.20036e-02
8.43703e-02
5.19008e-02
8.47593e-02
5.65604e-02
6.52625e-02
3.31871e-02
7.27581e-02
4.97572e-02
6.09917e-02
5.08771e-02
4.50163e-02
5.03971e-02
1.00162e+00
2.70971e-02
6.55124e-02
3.35715e-02
6.87121e-02
5.03426e-02
3.78837e-02
5.53136e-02
3.84852e-02
4.87455e-02
5.01891e-02
5.66724e-02
5.01676e-02
4.56195e-02
5.92995e-02
5.49847e-02
6.86373e-02
5.32542e-02
2.43636e-02
4.65415e-02
6.04492e-02
3.77032e-02
7.43163e-02
3.02259e-02
4.22411e-02
5.30525e-02
4.36683e-02
5.62139e-02
3.26500e-02
4.59927e-02
4.74747e-02
5.99345e-02
5.67608e-02
6.53073e-02
5.23930e-02
4.67326e-02
6.66490e-02
4.66067e-02
4.13066e-02
3.84582e-02
1.97607e-02
4.54742e-02
4.27228e-02
4.60822e-02
5.00941e-02
5.87466e-02
7.36848e-02
4.97234e-02
5.33288e-02
3.78420e-02
6.15541e-02
3.28725e-02
1.00013e+00
3.80800e-02
3.98054e-02
4.39710e-02
3.86690e-02
4.78744e-02
3.80324e-02
5.72970e-02
3.16991e-02
5.64525e-02
6.68899e-02
6.70522e-02
3.49145e-02
4.97151e-02
6.90175e-02
1.50626e-02
6.00539e-02
3.33835e-02
6.21228e-02
4.91923e-02
6.39653e-02
5.42676e-02
4.41342e-02
6.66295e-02
4.15389e-02
4.41514e-02
2.60310e-02
7.64565e-02
8.58964e-02
4.31466e-02
5.29194e-02
6.64008e-02
6.16638e-02
5.68166e-02
2.95728e-02
5.84425e-02
4.19126e-02
6.57650e-02
7.24644e-02
3.32401e-02
3.53400e-02
8.85260e-02
6.60956e-02
7.28497e-02
3.19689e-02
5.30651e-02
4.50424e-02
4.12387e-02
6.35660e-02
5.64067e-02
6.61368e-02
3.84270e-02
1.08763e-02
5.74066e-02
7.93142e-02
6.42628e-02
3.92589e-02
4.51757e-02
2.24915e-02
4.72013e-02
5.38403e-02
4.02715e-02
5.78825e-02
4.82374e-02
4.63087e-02
7.26399e-02
6.35957e-02
6.11334e-02
6.57215e-02
4.94935e-02
6.47751e-02
3.95222e-02
3.35547e-02
7.21891e-02
6.46377e-02
5.57470e-02
4.52101e-02
6.43654e-02
1.00164e+00
5.42575e-02
5.07805e-02
6.82252e-02
4.78285e-02
1.00131e+00
3.41530e-02
3.95879e-02
5.04303e-02
6.10232e-02
4.09396e-02
1.00033e+00
4.95214e-02
4.41181e-02
3.43174e-02
5.28546e-02
5.92839e-02
2.55276e-02
6.00692e-02
4.01203e-02
6.01222e-02
3.43189e-02
4.82957e-02
5.63812e-02
4.31333e-02
5.94046e-02
5.42699e-02
3.85278e-02
4.66720e-02
2.90065e-02
4.97994e-02
5.48111e-02
4.17042e-02
8.67189e-03
5.13535e-02
5.98328e-02
4.95452e-02
5.63591e-02
2.70463e-02
3.75981e-02
4.88580e-02
5.56326e-02
7.07560e-02
5.81206e-02
6.05174e-02
5.91931e-02
6.16962e-02
5.15822e-02
4.85247e-02
6.43494e-02
5.76361e-02
2.83289e-02
5.05041e-02
5.09365e-02
6.08540e-02
3.68383e-02
5.32711e-02
6.55493e-02
7.18954e-02
4.72996e-02
4.87727e-02
5.75401e-02
5.58370e-02
5.39088e-02
1.78570e-02
5.33245e-02
6.09431e-02
4.48865e-02
3.80475e-02
4.20855e-02
4.41109e-02
5.18229e-02
6.24888e-02
6.37200e-02
4.17787e-02
2.57386e-02
5.79856e-02
4.57085e-02
5.79602e-02
6.34888e-02
6.77631e-02
3.50407e-02
5.55599e-02
4.36439e-02
5.11159e-02
5.65015e-02
6.00174e-02
6.07413e-02
4.55990e-02
2.44052e-02
5.77332e-02
5.68895e-02
3.38598e-02
5.06775e-02
5.20000e-02
7.12570e-02
5.63189e-02
5.66369e-02
1.94261e-02
1.00048e+00
5.80456e-02
6.89031e-02
5.67249e-02
6.11090e-02
2.29711e-02
4.81240e-02
5.83074e-02
5.84389e-02
5.06626e-02
6.11862e-02
4.43442e-02
5.63291e-02
7.00479e-02
7.56677e-02
3.25920e-02
4.32194e-02
3.54436e-02
6.16492e-02
7.11203e-02
5.87255e-02
5.35513e-02
5.02569e-02
7.23170e-02
7.06486e-02
6.24655e-02
5.40541e-02
7.22670e-02
3.51479e-02
4.88693e-02
2.81729e-02
7.58604e-02
2.30394e-02
6.66211e-02
4.33712e-02
1.00089e+00
4.78315e-02
5.56487e-02
2.35607e-02
6.96259e-02
5.50477e-02
6.40143e-02
6.68115e-02
6.93663e-02
1.00206e+00
CD:: Calcuration of SD took 2.63 secs
CD:: Calcuration of DD took 0.21 secs
SL:: parameter learning by CD took 2.92 secs
CSSLEARN:: total parameter learning function took 2.93 secs
SampleSAT time is 1.63 secs
init param time is 0.88 secs
unit time is 0.01 secs
total Slice time is 0 secs
average fixed atom is 0.55848
average fixed clause is 1.66244
SampleSAT :: stepAverage = 4.27646
