### CSSLEARN ###
/home/broom/yamaguchi/Dropbox/program/cssampling/csslearn
        -o ./train/smoking.prb
        -l ./train/smoking.sli
        -s 1000
        -S 1326784259
        -w 100000
        -p 0.5
        -r 0.5
        -t 0.1
        
        
        -I 0.01
        -u 300;
## CSSLEARN ##
Random::constructorinsatproblem::1326784259
inrandom::1326784259
walkmax = 100000
numSample = 1000
walksatProb = 0.5
randomWalkProb = 0.5
temperature = 0.1
seed = 1326784259
ita = 0.01
maxiter = 300
numsample = 1000
burnsteps = 500
cdmode = true
CSSAMP:: initial settings took 0.02 secs
SL::LEARN
datasize=1000
count models:1000
ita=0.010000,max_iteration=300
CDlearn
4.03076e+02
3.98198e+02
3.93980e+02
3.91226e+02
3.88158e+02
3.86356e+02
3.83811e+02
3.82469e+02
3.80521e+02
3.79572e+02
3.77982e+02
3.77420e+02
3.75651e+02
3.75076e+02
3.73825e+02
3.73750e+02
3.72053e+02
3.71665e+02
3.70588e+02
3.70400e+02
3.69414e+02
3.69327e+02
3.68434e+02
3.68462e+02
3.67586e+02
3.67623e+02
3.66854e+02
3.66992e+02
3.66153e+02
3.66334e+02
3.65578e+02
3.65782e+02
3.65132e+02
3.65366e+02
3.64772e+02
3.65047e+02
3.64475e+02
3.65096e+02
3.65479e+02
3.63651e+02
3.63082e+02
3.63402e+02
3.62815e+02
3.63141e+02
3.62607e+02
3.62947e+02
3.62418e+02
3.62763e+02
3.62263e+02
3.62626e+02
3.62117e+02
3.62501e+02
3.61992e+02
3.62404e+02
3.61900e+02
3.62303e+02
3.61825e+02
3.62201e+02
3.61692e+02
3.62085e+02
3.61592e+02
3.61989e+02
3.61494e+02
3.61905e+02
3.61446e+02
3.61835e+02
3.61363e+02
3.61778e+02
3.61303e+02
3.61700e+02
3.61239e+02
3.61644e+02
3.61190e+02
3.61607e+02
3.61139e+02
3.61567e+02
3.61107e+02
3.61505e+02
3.61055e+02
3.61478e+02
3.61037e+02
3.61456e+02
3.60996e+02
3.61419e+02
3.60966e+02
3.61385e+02
3.60939e+02
3.61357e+02
3.60891e+02
3.61317e+02
3.60865e+02
3.61293e+02
3.60840e+02
3.61258e+02
3.60791e+02
3.61212e+02
3.60763e+02
3.61190e+02
3.60749e+02
3.61173e+02
3.60742e+02
3.61156e+02
3.60696e+02
3.61123e+02
3.60684e+02
3.61116e+02
3.60663e+02
3.61090e+02
3.60651e+02
3.61092e+02
3.60647e+02
3.61079e+02
3.60635e+02
3.61063e+02
3.60601e+02
3.61039e+02
3.60587e+02
3.61039e+02
3.60589e+02
3.61014e+02
3.60549e+02
3.60973e+02
3.60530e+02
3.60959e+02
3.60499e+02
3.60935e+02
3.60479e+02
3.60921e+02
3.60483e+02
3.60924e+02
3.60494e+02
3.60931e+02
3.60484e+02
3.60937e+02
3.60494e+02
3.60937e+02
3.60478e+02
3.60922e+02
3.60486e+02
3.60916e+02
3.60493e+02
3.60929e+02
3.60480e+02
3.60915e+02
3.60471e+02
3.60906e+02
3.60477e+02
3.60920e+02
3.60460e+02
3.60872e+02
3.60428e+02
3.60865e+02
3.60425e+02
3.60857e+02
3.60426e+02
3.60853e+02
3.60387e+02
3.60819e+02
3.60354e+02
3.60777e+02
3.60333e+02
3.60770e+02
3.60329e+02
3.60761e+02
3.60313e+02
3.60752e+02
3.60322e+02
3.60782e+02
3.60341e+02
3.60782e+02
3.60353e+02
3.60783e+02
3.60366e+02
3.60824e+02
3.60400e+02
3.60824e+02
3.60412e+02
3.60866e+02
3.60423e+02
3.60821e+02
3.60397e+02
3.60860e+02
3.60405e+02
3.60840e+02
3.60376e+02
3.60833e+02
3.60416e+02
3.60848e+02
3.60411e+02
3.60854e+02
3.60428e+02
3.60889e+02
3.60454e+02
3.60886e+02
3.60429e+02
3.60856e+02
3.60428e+02
3.60859e+02
3.60417e+02
3.60881e+02
3.60390e+02
3.60832e+02
3.60398e+02
3.60840e+02
3.60397e+02
3.60820e+02
3.60366e+02
3.60781e+02
3.60340e+02
3.60815e+02
3.60359e+02
3.60760e+02
3.60334e+02
3.60759e+02
3.60317e+02
3.60747e+02
3.60330e+02
3.60748e+02
3.60305e+02
3.60754e+02
3.60306e+02
3.60743e+02
3.60360e+02
3.60761e+02
3.60302e+02
3.60740e+02
3.60325e+02
3.60737e+02
3.60282e+02
3.60736e+02
3.60278e+02
3.60752e+02
3.60317e+02
3.60774e+02
3.60339e+02
3.60776e+02
3.60355e+02
3.60790e+02
3.60332e+02
3.60763e+02
3.60367e+02
3.60807e+02
3.60347e+02
3.60765e+02
3.60356e+02
3.60797e+02
3.60351e+02
3.60803e+02
3.60355e+02
3.60814e+02
3.60332e+02
3.60764e+02
3.60330e+02
3.60770e+02
3.60314e+02
3.60747e+02
3.60303e+02
3.60740e+02
3.60294e+02
3.60719e+02
3.60319e+02
3.60768e+02
3.60312e+02
3.60706e+02
3.60259e+02
3.60666e+02
3.60209e+02
3.60648e+02
3.60216e+02
3.60644e+02
3.60218e+02
3.60652e+02
3.60213e+02
3.60646e+02
3.60179e+02
3.60608e+02
3.60181e+02
3.60612e+02
3.60155e+02
3.60608e+02
3.60165e+02
3.60573e+02
3.60138e+02
3.60525e+02
3.60106e+02
3.60561e+02
3.60107e+02
3.60560e+02
3.60098e+02
3.60540e+02
3.60108e+02
3.60551e+02
3.60101e+02
3.60516e+02
3.60063e+02
3.60508e+02
3.60068e+02
3.60456e+02
3.60004e+02
3.60438e+02
CD:: Calcuration of SD took 56 mins, 12.9 secs
CD:: Calcuration of DD took 4.01 secs
SL:: parameter learning by CD took 57 mins, 24.79 secs
CSSLEARN:: total parameter learning function took 57 mins, 24.9 secs
SampleSAT time is 53 mins, 6.33 secs
init param time is 2 mins, 44.62 secs
unit time is 6.47 secs
total Slice time is 0 secs
average fixed atom is 9.71852
average fixed clause is 92.0847
SampleSAT :: stepAverage = 94.6384
